4.817626573755202403e-03
4.817627808274401943e-03
4.817627273492477470e-03
4.817627655479553121e-03
4.817627197095069105e-03
4.817626967902859624e-03
4.817627197095069105e-03
4.817627426287301139e-03
4.817627273492477470e-03
4.817627197095069105e-03
4.817627349889887570e-03
4.817627349889887570e-03
4.817627273492477470e-03
4.817627349889887570e-03
4.817627349889887570e-03
4.817627197095069105e-03
4.817627273492477470e-03
4.817626967902859624e-03
4.817626967902859624e-03
4.817627273492477470e-03
4.817627349889887570e-03
4.817627197095069105e-03
4.817627502684715575e-03
4.817627120697663343e-03
4.817627120697663343e-03
4.817626967902859624e-03
4.817627120697663343e-03
4.817627349889887570e-03
4.817627349889887570e-03
4.817627426287301139e-03
4.817627426287301139e-03
4.817627502684715575e-03
4.817627273492477470e-03
4.817627197095069105e-03
4.817627273492477470e-03
4.817627273492477470e-03
4.817627349889887570e-03
4.817627349889887570e-03
4.817627426287301139e-03
4.817627273492477470e-03
4.817627197095069105e-03
4.817627120697663343e-03
4.817627120697663343e-03
4.817627044300260182e-03
4.817627349889887570e-03
4.817627349889887570e-03
4.817627349889887570e-03
4.817627120697663343e-03
4.817627349889887570e-03
4.817627349889887570e-03
4.817627273492477470e-03
4.817627197095069105e-03
4.817627349889887570e-03
4.817627273492477470e-03
4.817627349889887570e-03
4.817627349889887570e-03
4.817627273492477470e-03
4.817627349889887570e-03
4.817627197095069105e-03
4.817627273492477470e-03
4.817627349889887570e-03
4.817627120697663343e-03
4.817627273492477470e-03
4.817627579082133481e-03
4.817627349889887570e-03
4.817627349889887570e-03
4.817627349889887570e-03
4.817627273492477470e-03
4.817627273492477470e-03
4.817627349889887570e-03
4.817627273492477470e-03
4.817627349889887570e-03
4.817627273492477470e-03
4.817627349889887570e-03
4.817627426287301139e-03
4.817627426287301139e-03
4.817627426287301139e-03
4.817627273492477470e-03
4.817627273492477470e-03
4.817627502684715575e-03
4.817627273492477470e-03
4.817627273492477470e-03
4.817627197095069105e-03
4.817627349889887570e-03
4.817627349889887570e-03
4.817627349889887570e-03
4.817627349889887570e-03
4.817627273492477470e-03
4.817627273492477470e-03
4.817627426287301139e-03
4.817627273492477470e-03
4.817627197095069105e-03
4.817627273492477470e-03
4.817627349889887570e-03
4.817627273492477470e-03
4.817627273492477470e-03
4.817627273492477470e-03
4.817627273492477470e-03
4.817627273492477470e-03
4.817627273492477470e-03
4.817627273492477470e-03
4.817627273492477470e-03
4.817627273492477470e-03
4.817627273492477470e-03
4.817627349889887570e-03
4.817627273492477470e-03
4.817627197095069105e-03
4.817627273492477470e-03
4.817627273492477470e-03
4.817627273492477470e-03
4.817627273492477470e-03
4.817627273492477470e-03
4.817627273492477470e-03
4.817627273492477470e-03
4.817627349889887570e-03
4.817627349889887570e-03
4.817627273492477470e-03
4.817627273492477470e-03
4.817627349889887570e-03
4.817627349889887570e-03
4.817627273492477470e-03
4.817627579082133481e-03
4.817627349889887570e-03
4.817627349889887570e-03
4.817627197095069105e-03
4.817627273492477470e-03
4.817627273492477470e-03
4.817627502684715575e-03
4.817627349889887570e-03
4.817627044300260182e-03
4.817627044300260182e-03
4.817627273492477470e-03
4.817627349889887570e-03
4.817627044300260182e-03
4.817627197095069105e-03
4.817627579082133481e-03
4.817626967902859624e-03
4.817626815108065445e-03
4.817627349889887570e-03
4.817627273492477470e-03
4.817627349889887570e-03
4.817627349889887570e-03
4.817627426287301139e-03
4.817626967902859624e-03
4.817627349889887570e-03
4.817627273492477470e-03
4.817627579082133481e-03
4.817627120697663343e-03
4.817627197095069105e-03
4.817627655479553121e-03
4.817627502684715575e-03
4.817627197095069105e-03
4.817627273492477470e-03
4.817627426287301139e-03
4.817626738710671826e-03
4.817627273492477470e-03
4.817627044300260182e-03
4.817627120697663343e-03
4.817627044300260182e-03
4.817627426287301139e-03
4.817627349889887570e-03
4.817627273492477470e-03
4.817627349889887570e-03
4.817627884671828523e-03
4.817627273492477470e-03
4.817627808274401943e-03
4.817627197095069105e-03
4.817627273492477470e-03
4.817627273492477470e-03
4.817626283830220811e-03
