3776.71232877 1.76362424764e-16
3802.28310502 3.39932676131e-16
3827.85388128 2.02217905813e-16
3853.42465753 3.20099250967e-16
3878.99543379 2.9153859746e-16
3904.56621005 2.56244746901e-16
3930.1369863 2.44389414901e-16
3955.70776256 2.46618620065e-16
3981.27853881 2.60000704099e-16
4006.84931507 2.889198999e-16
4032.42009132 2.72965175285e-16
4057.99086758 2.94836511896e-16
4083.56164384 2.83457571296e-16
4109.13242009 2.40705129956e-16
4134.70319635 2.59987612078e-16
4160.2739726 2.40246025746e-16
4185.84474886 2.59599548968e-16
4211.41552511 2.56603825061e-16
4236.98630137 2.61042349091e-16
4262.55707763 2.17680788032e-16
4288.12785388 1.9002973793e-16
4313.69863014 2.18888074023e-16
4339.26940639 2.40180137735e-16
4364.84018265 2.17590820069e-16
4390.4109589 1.86813172405e-16
4415.98173516 2.16164076007e-16
4441.55251142 1.93343259553e-16
4467.12328767 1.94939950372e-16
4492.69406393 2.0833224957e-16
4518.26484018 2.13560282209e-16
4543.83561644 2.0647659909e-16
4569.40639269 2.19327867904e-16
4594.97716895 2.07264995743e-16
4620.54794521 2.2965979231e-16
4646.11872146 2.08671170866e-16
4671.68949772 1.7868210557e-16
4697.26027397 2.173904961e-16
4722.83105023 1.74107993145e-16
4748.40182648 1.93576282598e-16
4773.97260274 1.55417396514e-16
4799.543379 1.62932529613e-16
4825.11415525 1.36420896527e-16
4850.68493151 1.44613768281e-16
4876.25570776 1.71654351222e-16
4901.82648402 1.49800487006e-16
4927.39726027 1.5339968269e-16
4952.96803653 1.44970091718e-16
4978.53881279 1.56293477161e-16
5004.10958904 1.54259939959e-16
5029.6803653 1.62782651021e-16
5055.25114155 1.49143805129e-16
5080.82191781 1.43201769165e-16
5106.39269406 1.60846217821e-16
5131.96347032 1.5857384766e-16
5157.53424658 1.61641242174e-16
5183.10502283 1.70371493934e-16
5208.67579909 1.70028241592e-16
5234.24657534 1.64996110352e-16
5259.8173516 1.73126129951e-16
5285.38812785 1.71774421571e-16
5310.95890411 1.76049613539e-16
5336.52968037 1.84046352929e-16
5362.10045662 1.79039154212e-16
5387.67123288 1.81682204572e-16
5413.24200913 1.85814553352e-16
5438.81278539 1.73828839194e-16
5464.38356164 1.67003005411e-16
5489.9543379 1.64533645694e-16
5515.52511416 1.49850632591e-16
5541.09589041 1.55246133352e-16
5566.66666667 1.45736704203e-16
5592.23744292 1.48979329215e-16
5617.80821918 1.44001057622e-16
5643.37899543 1.51208322169e-16
5668.94977169 1.51317546636e-16
5694.52054794 1.60302999354e-16
5720.0913242 1.55376558027e-16
5745.66210046 1.53616858583e-16
5771.23287671 1.5696574374e-16
5796.80365297 1.72449682859e-16
5822.37442922 1.73139131191e-16
5847.94520548 1.72851692363e-16
5873.51598173 1.65890219489e-16
5899.08675799 1.72715310305e-16
5924.65753425 1.68954576186e-16
5950.2283105 1.6020610541e-16
5975.79908676 1.47184870439e-16
6001.36986301 1.39958640413e-16
6026.94063927 1.45162585246e-16
6052.51141552 1.34543623702e-16
6078.08219178 1.39425930655e-16
6103.65296804 1.29539611408e-16
6129.22374429 1.21895462333e-16
6154.79452055 1.24298925115e-16
6180.3652968 1.30837448772e-16
6205.93607306 1.16510750047e-16
6231.50684931 1.24897324703e-16
6257.07762557 1.2572488579e-16
6282.64840183 1.25701723963e-16
6308.21917808 1.26730410626e-16
6333.78995434 1.15560310121e-16
6359.36073059 1.11875362974e-16
6384.93150685 1.19487233923e-16
6410.5022831 1.22236626778e-16
6436.07305936 1.2330296412e-16
6461.64383562 1.24981932978e-16
6487.21461187 1.19762984196e-16
6512.78538813 1.1748224595e-16
6538.35616438 1.21246399348e-16
6563.92694064 1.31351292716e-16
6589.49771689 1.30028170166e-16
6615.06849315 1.24696241852e-16
6640.63926941 1.29162618038e-16
6666.21004566 1.28849718483e-16
6691.78082192 1.26967496042e-16
6717.35159817 1.27770283936e-16
6742.92237443 1.17624453326e-16
6768.49315068 1.13699215821e-16
6794.06392694 1.14906237796e-16
6819.6347032 1.13631298511e-16
6845.20547945 1.14916478719e-16
6870.77625571 1.27278038066e-16
6896.34703196 1.29914447079e-16
6921.91780822 1.26642836058e-16
6947.48858447 1.22970038304e-16
6973.05936073 1.19732527615e-16
6998.63013699 1.108732757e-16
7024.20091324 1.10660140343e-16
7049.7716895 1.11841791749e-16
7075.34246575 1.07355173694e-16
7100.91324201 1.05413276847e-16
7126.48401826 1.0382828028e-16
7152.05479452 1.017350994e-16
7177.62557078 1.07360614569e-16
7203.19634703 1.1494375212e-16
7228.76712329 1.09998681923e-16
7254.33789954 9.96584949638e-17
7279.9086758 9.31516427792e-17
7305.47945205 9.22908945425e-17
7331.05022831 9.23173400341e-17
7356.62100457 9.32294668753e-17
7382.19178082 9.40943995169e-17
7407.76255708 9.08374175664e-17
7433.33333333 8.79893304682e-17
7458.90410959 8.66377025994e-17
7484.47488584 9.05091664615e-17
7510.0456621 9.09844287274e-17
7535.61643836 8.27342880005e-17
7561.18721461 7.70224811843e-17
7586.75799087 8.08397398354e-17
7612.32876712 9.26847426328e-17
7637.89954338 9.57104164831e-17
7663.47031963 1.01435113187e-16
7689.04109589 9.76922752239e-17
7714.61187215 9.25531101951e-17
7740.1826484 9.10106345031e-17
7765.75342466 9.41719729519e-17
7791.32420091 8.8947602764e-17
7816.89497717 8.32247366648e-17
7842.46575342 8.41410361804e-17
7868.03652968 8.9298449184e-17
7893.60730594 8.23514990748e-17
7919.17808219 7.70795850466e-17
7944.74885845 7.65998604924e-17
7970.3196347 7.5553836785e-17
7995.89041096 7.11829237575e-17
8021.46118721 6.47632359109e-17
8047.03196347 6.34608842668e-17
8072.60273973 6.12041626271e-17
8098.17351598 5.70808222628e-17
8123.74429224 5.58628559926e-17
8149.31506849 5.16590356811e-17
8174.88584475 5.05790451855e-17
8200.456621 5.60518032785e-17
8226.02739726 5.53559913911e-17
8251.59817352 4.92749291277e-17
8277.16894977 5.61154874293e-17
8302.73972603 6.41849835559e-17
8328.31050228 5.70745456264e-17
8353.88127854 5.27337250081e-17
8379.45205479 5.3140178586e-17
8405.02283105 5.48935843051e-17
8430.59360731 5.7404411237e-17
8456.16438356 5.75013119997e-17
8481.73515982 5.63247095265e-17
8507.30593607 5.97223232122e-17
8532.87671233 6.64791155676e-17
8558.44748858 6.94883478298e-17
8584.01826484 6.73446720157e-17
8609.5890411 6.10142409741e-17
8635.15981735 6.18373579156e-17
8660.73059361 6.45094653293e-17
8686.30136986 5.99896351519e-17
8711.87214612 6.23557612294e-17
8737.44292237 7.38441634509e-17
8763.01369863 7.65357906216e-17
8788.58447489 6.83016529623e-17
8814.15525114 5.60572262431e-17
8839.7260274 5.81202488272e-17
8865.29680365 6.77508227352e-17
8890.86757991 6.75885094613e-17
8916.43835616 5.91752529154e-17
8942.00913242 5.81730262401e-17
8967.57990868 6.3150040371e-17
8993.15068493 6.14575389082e-17
9018.72146119 5.48427012826e-17
9044.29223744 4.89634749241e-17
9069.8630137 4.80035488416e-17
9095.43378995 5.09225928891e-17
9121.00456621 4.83168957915e-17
9146.57534247 5.28951928027e-17
9172.14611872 6.24611531117e-17
9197.71689498 5.63971353524e-17
9223.28767123 4.2753439777e-17
